2025 2165
2599 2929
2819 3184
4008 4010
4404 4447
4434 4438
3020 3022
3897 4012
1486 2046
2439 2495
4404 4445
3896 3987
3992 3995
1276 1775
289 365
3078 3079
1091 1092
3357 3358
2676 2739
2 437
2680 2697
4812 4814
811 3887
2207 2275
3535 3539
3182 3184
2604 2645
39 117
1389 1512
3249 3251
1210 1566
2599 2935
600 634
1490 1540
2766 2906
1926 1927
2570 2574
1298 1320
1043 1049
4438 4476
4726 4733
952 954
2654 2657
1538 1539
4239 4255
70 177
1819 1864
3604 3608
1477 1684
112 113
1328 1543
4616 4688
2502 2504
3490 3716
297 309
3134 3194
1725 1726
1180 1181
3044 3045
4403 4408
4180 4192
2590 2591
2658 2660
1432 1682
1444 1446
4632 4635
1000 1004
1177 1344
2723 2789
2713 2715
3918 3949
2591 2619
333 340
1235 1244
2017 2070
2590 3098
4666 4668
4422 4425
2160 2201
1984 1986
2773 3032
4568 4571
2789 3025
2819 3125
3433 3515
4826 4828
2849 2856
4407 4443
6 3644
2593 2865
936 937
1475 1596
3055 3228
274 279
2478 2486
4196 4198
3223 3227
2805 2806
4178 4180
2380 2398
