3115 3118
1156 1892
2512 2622
2902 2903
1943 1982
3384 4674
1834 2251
3120 3122
27 31
2584 2585
52 168
1967 2177
1906 2115
2651 2652
2579 2954
24 131
4082 4131
2198 2213
1986 2264
1526 1664
1351 1838
852 855
2004 2006
1480 1681
3116 3118
687 737
995 1016
2511 2513
2427 2444
2667 3100
3914 3931
1348 1351
1241 1277
440 509
3335 3358
4467 4469
4420 4431
3223 3229
3910 3999
1402 1483
4415 4453
1480 1679
1082 1140
308 370
675 679
3754 3756
1959 1961
362 380
1373 1374
4404 4446
1930 1932
4072 4075
4439 4440
4575 4596
4165 4167
1586 1671
1058 1130
4432 4433
718 720
4424 4429
4591 4593
1533 1746
2371 2431
2825 2828
61 71
2820 3182
3606 3694
4663 4664
2664 2665
181 183
3048 3117
3872 3874
1169 1170
426 434
2248 2251
3941 3943
2328 2351
4429 4433
3496 3692
1633 2020
4418 4421
4007 4041
2329 2349
349 384
2077 2078
75 76
3649 3797
3349 3351
1030 1036
1663 1666
3584 3586
3252 3253
4465 4477
558 2762
2616 2621
1065 1071
2779 3160
4436 4438
2585 2704
3567 3571
