3276 7565
6046 6952
875 6346
3579 7046
1270 7779
3168 5341
652 2847
1782 5073
2004 6219
4050 6779
875 4258
1173 6993
892 1098
374 1763
1754 1807
6604 6694
71 7367
6212 7642
2525 5497
2005 5571
4098 7620
2235 8133
4212 6031
7592 7593
1233 4424
710 6119
535 3618
3493 7772
540 5259
3659 4977
39 4276
632 6095
7279 7322
235 335
10 941
814 6954
5748 8252
2988 3294
515 2655
2205 4911
5784 5891
745 6969
163 7897
6312 7126
3332 5932
5686 6926
340 6467
3697 8449
1114 5462
2049 6073
1339 6954
957 958
5024 8313
3500 4437
2200 7789
3997 5222
439 636
1298 4418
628 1549
2334 5751
2396 8637
3891 5530
6201 6682
622 1910
998 2709
272 846
5878 7261
2931 8301
3510 5553
2291 6060
3601 8135
2178 3149
5309 5940
2818 4163
7122 7359
753 3635
6533 8489
2594 3835
5946 6879
2157 2486
1877 2157
225 1794
1458 5751
814 2334
4932 5226
1213 4916
417 6921
6863 7658
5211 6246
5304 6502
682 2382
3618 8323
989 8498
4501 8047
2479 2537
5970 7825
183 3261
2073 2590
2513 6310
3248 7935
