4823 7532
4530 7362
3493 8162
5461 5765
51 4657
1327 7087
926 1456
4558 7804
3273 6704
5225 5527
1420 3949
2316 3241
1992 2186
7637 7638
3307 5109
7159 8115
4846 7191
3145 4916
4583 4908
3481 7413
1579 2629
3825 7573
2041 5021
4326 4578
6844 7111
3983 4855
62 4412
4379 8289
3107 7635
3648 6693
8437 8448
6489 6491
3669 4728
892 2088
3707 6698
5640 5764
4625 6502
6055 6859
3944 8269
1119 4231
221 6095
3523 5057
1786 3390
2265 8458
60 6835
892 7160
6596 7577
37 8268
2113 7861
9 4560
2381 7516
2926 5124
973 2368
1310 5173
1339 4095
7549 8047
5787 6402
1033 7528
967 1806
958 7828
3598 3639
2780 7086
3537 4928
1032 2140
139 4032
372 401
999 8361
4191 6360
7751 7959
3176 6010
823 6730
946 4136
138 6079
4089 4387
595 2029
3829 6240
4918 5963
359 854
107 2516
1918 3692
3702 5190
1203 2698
4889 8289
1934 2331
795 1992
883 2936
4558 4614
627 1884
39 2862
5508 6540
185 6808
4176 5725
813 2182
3788 6030
2669 6657
541 5374
1854 7246
1458 4095
4908 5423
1377 1918
